   0.0000000000000000     
   2.2416101413827276E-004
   4.6278119934364462E-004
   7.3086736689146269E-004
   1.0445224298181240E-003
   1.4214948634416653E-003
   1.8817280766837456E-003
   2.4479067623600281E-003
   3.1459949413775979E-003
   4.0057576473567129E-003
   5.0612551367783037E-003
   6.3512953063998047E-003
   7.9198268339118524E-003
   9.8162526352421342E-003
   1.2095640779291079E-002
   1.4818808258179083E-002
   1.8052252220524478E-002
   2.1867903667429939E-002
   2.6342680388288173E-002
   3.1557819232769665E-002
   3.7597972768495698E-002
   4.4550061971037183E-002
   5.2501884747284289E-002
   6.1540489610780617E-002
   7.1750334402191362E-002
   8.3211261164304814E-002
   9.5996329625276891E-002
  0.11016956262421365     
  0.12578366658741508     
  0.14287779817479737     
  0.16147545383380257     
  0.18158256166282954     
  0.20318585425310204     
  0.22625159675777690     
  0.25072473623028574     
  0.27652852639380282     
  0.30356466678763444     
  0.33171397724144930     
  0.36083760861223640     
  0.39077876960502572     
  0.42136492832756894     
  0.45241042710076845     
  0.48371943105285486     
  0.51508911618290121     
  0.54631299176387127     
  0.57718424584311190     
  0.60749900161875747     
  0.63705937677563085     
  0.66567624731344399     
  0.69317163156515460     
  0.71938062829077520     
  0.74415286402231440     
  0.76735342813623908     
  0.78886329823800894     
  0.80857928211418917     
  0.82641352452473549     
  0.84229264634910794     
  0.85615659909687614     
  0.86795732878182064     
  0.87765734911405524     
  0.88522832462666601     
  0.89064975973343496     
  0.89390788009124333     
  0.89499477854287934     
  0.89390788009124333     
  0.89064975973343496     
  0.88522832462666601     
  0.87765734911405535     
  0.86795732878182108     
  0.85615659909687702     
  0.84229264634910972     
  0.82641352452473904     
  0.80857928211419605     
  0.78886329823802159     
  0.76735342813626251     
  0.74415286402235736     
  0.71938062829085303     
  0.69317163156529460     
  0.66567624731369412     
  0.63705937677607494     
  0.60749900161954096     
  0.57718424584448480     
  0.54631299176626158     
  0.51508911618703668     
  0.48371943105996318     
  0.45241042711290852     
  0.42136492834816996     
  0.39077876963976094     
  0.36083760867042891     
  0.33171397733831759     
  0.30356466694785389     
  0.27652852665711436     
  0.25072473666026501     
  0.22625159745544654     
  0.20318585537791073     
  0.18158256346475099     
  0.16147545670209298     
  0.14287780271151967     
  0.12578367371750115     
  0.11016957375901619     
   9.5996346903818405E-002
   8.3211287806503956E-002
   7.1750375222198431E-002
   6.1540551757421263E-002
   5.2501978764059321E-002
   4.4550203302111208E-002
   3.7598183882025127E-002
   3.1558132591663401E-002
   2.6343142574477490E-002
   2.1868581062894705E-002
   1.8053238771120333E-002
   1.4820235999570337E-002
   1.2097693993072346E-002
   9.8191867326248589E-003
   7.9239933386950658E-003
   6.3571746318628322E-003
   5.0694992244326876E-003
   4.0172449583818076E-003
   3.1619007596033477E-003
   2.4697922715875538E-003
   1.9116521995774993E-003
   1.4621533714048939E-003
   1.0994193217691319E-003
   8.0452392866771263E-004
   5.6098844333742385E-004
   3.5428129926221485E-004
   1.7132347434180940E-004
   0.0000000000000000     
