   0.0000000000000000     
   1.1089125504283027E-006
   2.5254523145476600E-006
   4.6255204063580075E-006
   7.9325466899272615E-006
   1.3219663317391296E-005
   2.1648614284901869E-005
   3.4961939207251183E-005
   5.5748376733672221E-005
   8.7805262754110587E-005
   1.3662553747966229E-004
   2.1004022229260076E-004
   3.1904906557661094E-004
   4.7887145175022026E-004
   7.1024539999367683E-004
   1.0409932288152498E-003
   1.5078569540616163E-003
   2.1585836984407019E-003
   3.0542108149888550E-003
   4.2714623774763412E-003
   5.9051245939730074E-003
   8.0702203369143570E-003
   1.0903756610043482E-002
   1.4565779052869510E-002
   1.9239441275032829E-002
   2.5129791179605940E-002
   3.2460998384280952E-002
   4.1471801863996474E-002
   5.2409047903297125E-002
   6.5519314551096025E-002
   8.1038774676434347E-002
   9.9181625206421695E-002
  0.12012759035937821     
  0.14400917326301996     
  0.17089946304563175     
  0.20080138361559832     
  0.23363927942062054     
  0.26925366187337058     
  0.30739978525121187     
  0.34775048948938320     
  0.38990345567020707     
  0.43339269279584863     
  0.47770374216439365     
  0.52229178136847987     
  0.56660156509891568     
  0.61008798054810343     
  0.65223593836144222     
  0.69257837172083769     
  0.73071127027921556     
  0.76630491522119581     
  0.79911078084402332     
  0.82896389552857219     
  0.85578077828117538     
  0.87955335636170129     
  0.90033950121277428     
  0.91825097886126972     
  0.93343969169673247     
  0.94608309488805686     
  0.95636961431526868     
  0.96448479074267279     
  0.97059874641556887     
  0.97485543411795550     
  0.97736400060335349     
  0.97819248677476356     
  0.97736400060335349     
  0.97485543411795550     
  0.97059874641556887     
  0.96448479074267279     
  0.95636961431526868     
  0.94608309488805686     
  0.93343969169673247     
  0.91825097886126972     
  0.90033950121277428     
  0.87955335636170129     
  0.85578077828117538     
  0.82896389552857219     
  0.79911078084402332     
  0.76630491522119581     
  0.73071127027921556     
  0.69257837172083780     
  0.65223593836144234     
  0.61008798054810354     
  0.56660156509891579     
  0.52229178136848009     
  0.47770374216439376     
  0.43339269279584869     
  0.38990345567020712     
  0.34775048948938325     
  0.30739978525121192     
  0.26925366187337063     
  0.23363927942062060     
  0.20080138361559841     
  0.17089946304563181     
  0.14400917326302001     
  0.12012759035937827     
   9.9181625206421792E-002
   8.1038774676434513E-002
   6.5519314551096386E-002
   5.2409047903298013E-002
   4.1471801863998639E-002
   3.2460998384286233E-002
   2.5129791179618669E-002
   1.9239441275063156E-002
   1.4565779052940816E-002
   1.0903756610208926E-002
   8.0702203372931287E-003
   5.9051245948286623E-003
   4.2714623793836679E-003
   3.0542108191842117E-003
   2.1585837075470374E-003
   1.5078569735673629E-003
   1.0409932700476605E-003
   7.1024548601078031E-004
   4.7887162884805904E-004
   3.1904942543876263E-004
   2.1004094400695105E-004
   1.3662696608495988E-004
   8.7808053935816639E-005
   5.5753759478593072E-005
   3.4972185574927214E-005
   2.1667867215511859E-005
   1.3255373706218093E-005
   7.9979309048180216E-006
   4.7436996912624665E-006
   2.7363195762676220E-006
   1.4803496695196832E-006
   6.4591968707672094E-007
   0.0000000000000000     
