   0.0000000000000000     
   1.1990115887901913E-003
   2.4306097054262133E-003
   3.7276786382086026E-003
   5.1236895546688905E-003
   6.6529723794530619E-003
   8.3509619235052207E-003
   1.0254409909621467E-002
   1.2401554771514299E-002
   1.4832241436481715E-002
   1.7587983759706282E-002
   2.0711962885784276E-002
   2.4248955593527747E-002
   2.8245187653065190E-002
   3.2748108403812440E-002
   3.7806084154391670E-002
   4.3468009608076105E-002
   4.9782838316108899E-002
   5.6799035130873948E-002
   6.4563955733892647E-002
   7.3123160500645212E-002
   8.2519672174978770E-002
   9.2793188990713107E-002
  0.10397926692021284     
  0.11610848656812063     
  0.12920562178120412     
  0.14328882823326961     
  0.15836887099506786     
  0.17444841035158501     
  0.19152136483619631     
  0.20957236958397113     
  0.22857634665682031     
  0.24849820197575825     
  0.26929266094859322     
  0.29090425186672242     
  0.31326744274654317     
  0.33630693361326774     
  0.35993810238785962     
  0.38406759867324419     
  0.40859407598200431     
  0.43340904944283393     
  0.45839786289950557     
  0.48344074669419512     
  0.50841394540879015     
  0.53319089350203941     
  0.55764341617828583     
  0.58164293297564040     
  0.60506164245620209     
  0.62777366797440659     
  0.64965614671717986     
  0.67059024694896341     
  0.69046210153039733     
  0.70916364916858832     
  0.72659337834576354     
  0.74265697230458660     
  0.75726785668946150     
  0.77034765431226071     
  0.78182655390507383     
  0.79164360154324143     
  0.79974692460000052     
  0.80609389859318259     
  0.81065126710281776     
  0.81339522410912701     
  0.81431146668904852     
  0.81339522411160436     
  0.81065126710823887     
  0.80609389860255987     
  0.79974692461506314     
  0.79164360156672231     
  0.78182655394115674     
  0.77034765436725017     
  0.75726785677277164     
  0.74265697243018514     
  0.72659337853426409     
  0.70916364945026744     
  0.69046210194951851     
  0.67059024756994778     
  0.64965614763336432     
  0.62777366932041934     
  0.60506164442536137     
  0.58164293584429927     
  0.55764342033972980     
  0.53319089951345777     
  0.50841395405604384     
  0.48344075908068906     
  0.45839788056753489     
  0.43340907453845329     
  0.40859411147791885     
  0.38406764866864085     
  0.35993817250971599     
  0.33630703155077923     
  0.31326757895921914     
  0.29090444051780678     
  0.26929292112919884     
  0.24849855930196907     
  0.22857683534255915     
  0.20957303511726377     
  0.19152226741622247     
  0.17444962927926991     
  0.15837051025160015     
  0.14329102352947465     
  0.12920854941672286     
  0.11611237450328271     
  0.10398440853559887     
   9.2799960089654465E-002
   8.2528551872266667E-002
   7.3134756735676154E-002
   6.4579036246958516E-002
   5.6818564845223164E-002
   4.9808024172870169E-002
   4.3500354002349730E-002
   3.7847448213970188E-002
   3.2800786431207540E-002
   2.8311994109789313E-002
   2.4333326034791866E-002
   2.0818070244771010E-002
   1.7720871323297770E-002
   1.4997973738021975E-002
   1.2607387439762403E-002
   1.0508979245461261E-002
   8.6644946167621223E-003
   7.0375153180891256E-003
   5.5933591103845912E-003
   4.2989281315167858E-003
   3.1225129586173800E-003
   2.0335595703774687E-003
   1.0024065580174081E-003
   0.0000000000000000     
