   5.0251282358929061E-003
   5.2990271690810387E-003
   5.7616834583991139E-003
   6.4223392228012766E-003
   7.2938892925187848E-003
   8.3928841823523448E-003
   9.7394527398421138E-003
   1.1357269739494913E-002
   1.3273432825340270E-002
   1.5518372856696439E-002
   1.8125661286875483E-002
   2.1131838356824917E-002
   2.4576126005918686E-002
   2.8500150132932833E-002
   3.2947537557152518E-002
   3.7963514357815642E-002
   4.3594373565592585E-002
   4.9886942046474390E-002
   5.6887918189726612E-002
   6.4643214268625265E-002
   7.3197179396818593E-002
   8.2591841415055670E-002
   9.2866048106412177E-002
  0.10405465040015976     
  0.11618761197038197     
  0.12928919141013534     
  0.14337708425529203     
  0.15846167310091563     
  0.17454527420649335     
  0.19162152890814554     
  0.20967482718893840     
  0.22867990952542011     
  0.24860153101585902     
  0.26939432947218167     
  0.29100277605621172     
  0.31336134387517234     
  0.33639476619542830     
  0.36001851233563714     
  0.38413934536145744     
  0.40865608218913319     
  0.43346041312096750     
  0.45843789494109316     
  0.48346896898300273     
  0.50843011377004932     
  0.53319498037365021     
  0.55763561821026175     
  0.58162363899743519     
  0.60503142762907514     
  0.62773325013757264     
  0.64960637124205456     
  0.67053203650790527     
  0.69039643736983536     
  0.70909152043004919     
  0.72651576601404599     
  0.74257480416653876     
  0.75718199957926557     
  0.77025887959369976     
  0.78173554192457706     
  0.79155092037927299     
  0.79965304816569382     
  0.80599919872260095     
  0.81055604399911152     
  0.81329970915708050     
  0.81421586146486113     
  0.81329970915708039     
  0.81055604399911152     
  0.80599919872260095     
  0.79965304816569382     
  0.79155092037927299     
  0.78173554192457706     
  0.77025887959369987     
  0.75718199957926557     
  0.74257480416653876     
  0.72651576601404588     
  0.70909152043004919     
  0.69039643736983547     
  0.67053203650790527     
  0.64960637124205456     
  0.62773325013757264     
  0.60503142762907525     
  0.58162363899743530     
  0.55763561821026175     
  0.53319498037365021     
  0.50843011377004943     
  0.48346896898300273     
  0.45843789494109327     
  0.43346041312096756     
  0.40865608218913330     
  0.38413934536145738     
  0.36001851233563720     
  0.33639476619542830     
  0.31336134387517234     
  0.29100277605621172     
  0.26939432947218167     
  0.24860153101585902     
  0.22867990952542017     
  0.20967482718893837     
  0.19162152890814546     
  0.17454527420649329     
  0.15846167310091561     
  0.14337708425529200     
  0.12928919141013523     
  0.11618761197038199     
  0.10405465040015982     
   9.2866048106412163E-002
   8.2591841415055767E-002
   7.3197179396818551E-002
   6.4643214268625238E-002
   5.6887918189726577E-002
   4.9886942046474425E-002
   4.3594373565592592E-002
   3.7963514357815697E-002
   3.2947537557152524E-002
   2.8500150132932701E-002
   2.4576126005918623E-002
   2.1131838356824896E-002
   1.8125661286875525E-002
   1.5518372856696258E-002
   1.3273432825340228E-002
   1.1357269739494857E-002
   9.7394527398421138E-003
   8.3928841823524558E-003
   7.2938892925186460E-003
   6.4223392228012766E-003
   5.7616834583990584E-003
   5.2990271690810942E-003
   5.0251282358928229E-003
   4.9344479542459546E-003
